1101
1102
1216
1301
1303
1326
1402
1476
2002
2207
2301
2303
2308
2317
2324
2327
2330
2344
2352
2353
2354
2356
2357
2376
2377
2379
2382
2395
2408
2412
2454
2474
2603
2609
2615
2634
2801
2880
2881
2882
2883
2884
2885
2886
2887
2888
2890
2891
2892
2912
3008
3034
3045
3231
3443
3481
3711
4904
4938
4958
5871
5876
5880
6415
6456
6505
6510
6531
6669
6770
8046
8069
8299
8454
8996
9910
9914
9921
9933
0050
0056
00878
00919
00929
00940
006208
00692
00713
00850
00881
00915
00918
00922
00923
00924
00927
00930
00939
00946